ISS (ZARYA)             
1 25544U 98067A   14173.57938785  .00009950  00000-0  17674-3 0  5490
2 25544  51.6476  72.8274 0004114 124.3715 307.5639 15.50851925892164
TIANGONG 1              
1 37820U 11053A   14173.57956199  .00032436  00000-0  22585-3 0  1363
2 37820  42.7718 279.4721 0012965  31.5324  37.0821 15.73612051156895
FLOCK 1-4               
1 39515U 98067DK  14168.95444542  .31323801  12098-4  40562-2 0  3235
2 39515  51.6165  78.6844 0017876 240.8810 119.0425 16.34331797 19778
FLOCK 1-6               
1 39519U 98067DM  14165.88283517  .16502003  12343-4  98424-3 0  3332
2 39519  51.6222  94.1908 0009843 235.3624 124.7708 16.41361779 19203
FLOCK 1-9               
1 39525U 98067DQ  14173.15987946  .00535504  12849-3  13245-2 0  3562
2 39525  51.6335  59.2982 0003645 229.8886 261.3788 15.95361247 20027
FLOCK 1-10              
1 39526U 98067DR  14165.24553635  .18406143  12485-4  10389-2 0  3588
2 39526  51.6099  95.8819 0006288 288.1784  72.0662 16.41924104 18834
FLOCK 1-11              
1 39527U 98067DS  14164.05247193  .14959461  12325-4  12214-2 0  3399
2 39527  51.6164 102.9428 0005690 241.0622 119.0766 16.38980060 18633
FLOCK 1-12              
1 39528U 98067DT  14173.12960393  .00042479  00000-0  40196-3 0  3573
2 39528  51.6413  66.9721 0002051 142.7657 217.3482 15.66529614 19912
FLOCK 1-13              
1 39529U 98067DU  14173.55154980  .00833461  33012-3  16992-2 0  3249
2 39529  51.6369  56.9473 0007150 221.3082 138.6932 15.98831371 19913
FLOCK 1-14              
1 39530U 98067DV  14170.96245327  .14674730  12288-4  12111-2 0  3293
2 39530  51.6089  68.0526 0011172 246.3693 114.5824 16.38686020 19536
FLOCK 1-16              
1 39532U 98067DX  14171.01520723  .14788701  12376-4  96411-3 0  3421
2 39532  51.6171  68.4449 0010299 256.0694 104.0814 16.40644619 19530
FLOCK 1-18              
1 39556U 98067DZ  14173.14137526  .00042715  00000-0  42354-3 0  3256
2 39556  51.6434  67.8113 0003085 132.3044 227.8213 15.65355558 18004
FLOCK 1-20              
1 39560U 98067ED  14173.32424111  .00051966  00000-0  46440-3 0  3012
2 39560  51.6471  66.0582 0002680  68.2142 291.9139 15.67854855 17988
FLOCK 1-23              
1 39561U 98067EE  14173.07654156  .00443359  00000-0  17455-2 0  2944
2 39561  51.6438  61.7750 0001822 253.0260 247.2619 15.85141493 17965
FLOCK 1-24              
1 39562U 98067EF  14167.15728017  .11557539  12199-4  13811-2 0  3009
2 39562  51.6198  89.1976 0008827 237.8788 122.2940 16.35545675 17145
FLOCK 1-25              
1 39563U 98067EG  14173.52122219  .02553530  14486-1  19926-2 0  3132
2 39563  51.6310  56.7081 0006337 242.6758 117.1304 16.17640938 18072
FLOCK 1-26              
1 39564U 98067EH  14161.27887070  .10876980  12200-4  14396-2 0  2760
2 39564  51.6142 118.9305 0004842 228.5660 131.8890 16.34706362 16153
SKYCUBE                 
1 39567U 98067EL  14173.19863522  .00042070  00000-0  42896-3 0  3384
2 39567  51.6432  67.8952 0002249  51.6799  84.3955 15.64659960 17748
LITUANICASAT-1          
1 39569U 98067EN  14173.25957295  .00208873  00000-0  93753-3 0  3501
2 39569  51.6388  61.5787 0003159 136.2120 324.8771 15.82987317 17834
SOYUZ-TMA 13M           
1 39775U 14031A   14148.85195986 -.00003777  11943-4  00000+0 0    19
2 39775  51.6334 195.4384 0022293  74.1072  90.6296 16.22665860    02
